0 0.547794 0.540645 0.030025 0.031454
0 0.540901 0.616422 0.025429 0.042484
0 0.575980 0.624387 0.022672 0.033905
0 0.611213 0.606822 0.025123 0.046160
0 0.447917 0.446283 0.034926 0.037173
0 0.385876 0.470588 0.030944 0.035948
0 0.303922 0.501838 0.031863 0.043709
0 0.295037 0.574551 0.019608 0.038807
0 0.328891 0.681985 0.027267 0.048611
0 0.371017 0.737541 0.025123 0.050245
0 0.408088 0.780025 0.026348 0.047794
0 0.441330 0.794935 0.025429 0.030229
0 0.461550 0.836193 0.020527 0.037582
0 0.493566 0.841095 0.030025 0.042484
0 0.541820 0.859273 0.032782 0.038807
0 0.596661 0.824551 0.022365 0.043709
0 0.612592 0.737541 0.020527 0.034722
0 0.646906 0.711193 0.032782 0.032680
0 0.701134 0.655025 0.034620 0.034722
0 0.506587 0.661969 0.027880 0.031454
0 0.620098 0.912582 0.022672 0.044935
0 0.682445 0.918096 0.027267 0.038807
0 0.730239 0.973856 0.032782 0.035131
0 0.778493 0.978145 0.030025 0.031454
0 0.722426 0.865605 0.033701 0.035948
0 0.801624 0.745711 0.027267 0.041258
0 0.833946 0.703227 0.018995 0.036356
0 0.856464 0.676266 0.024203 0.037173
0 0.887408 0.677492 0.018689 0.047794
0 0.901501 0.750000 0.024203 0.037582
0 0.929534 0.723856 0.028186 0.040033
0 0.964920 0.726307 0.025429 0.042484
0 0.297794 0.973243 0.040441 0.038807
0 0.222426 0.646855 0.033701 0.043709
0 0.212469 0.543709 0.029105 0.042484
0 0.302543 0.435662 0.029105 0.036356
0 0.356618 0.437500 0.030025 0.030229
0 0.356005 0.388685 0.026961 0.032271
0 0.428615 0.386234 0.030025 0.050245
0 0.480852 0.387459 0.025429 0.034722
0 0.517770 0.379289 0.026348 0.033905
0 0.553922 0.402369 0.019608 0.035131
0 0.730699 0.420547 0.026348 0.041258
0 0.793505 0.403595 0.028186 0.037582
0 0.816942 0.364992 0.016850 0.047794
0 0.862592 0.397467 0.029105 0.042484
0 0.912837 0.450163 0.039522 0.042484
0 0.949295 0.481209 0.018689 0.027778
0 0.798407 0.501225 0.031863 0.037582
0 0.780025 0.566789 0.031250 0.041258
0 0.835325 0.590074 0.027267 0.027369
0 0.730239 0.581291 0.034620 0.042484
0 0.658088 0.367443 0.036765 0.050245
0 0.712929 0.333742 0.033701 0.035131
0 0.662377 0.297386 0.030025 0.035131
0 0.562347 0.283701 0.025429 0.029820
0 0.606005 0.331291 0.033701 0.040033
0 0.542739 0.327410 0.030944 0.027369
0 0.837163 0.636846 0.030944 0.026144
0 0.945159 0.636846 0.036765 0.035948
0 0.851256 0.488766 0.030944 0.032271
0 0.860754 0.551879 0.030944 0.028595
0 0.780944 0.803717 0.023284 0.034722
0 0.822763 0.857639 0.022365 0.024918
0 0.822610 0.894404 0.028186 0.026552
0 0.167892 0.891953 0.031863 0.048611
0 0.126072 0.910743 0.027267 0.036356
0 0.060049 0.856209 0.052696 0.042484
0 0.089614 0.915645 0.027267 0.048611
0 0.164216 0.964869 0.030025 0.044935
0 0.212929 0.920547 0.033701 0.031454
0 0.024510 0.899306 0.030025 0.041258
0 0.559130 0.926266 0.026348 0.022467
0 0.528186 0.905025 0.028186 0.032271
0 0.484069 0.761234 0.037377 0.032271
0 0.470435 0.713644 0.029105 0.040033
0 0.396752 0.663194 0.031863 0.038807
0 0.452206 0.626225 0.037377 0.042484
0 0.465380 0.551879 0.033701 0.049020
0 0.450827 0.503676 0.034620 0.035131
0 0.517770 0.496936 0.022672 0.053513
0 0.371477 0.612337 0.020527 0.042484
0 0.336244 0.621936 0.021752 0.036356
0 0.335784 0.561275 0.024510 0.037582
0 0.157629 0.611111 0.026042 0.044935
0 0.139706 0.677492 0.035539 0.045343
0 0.090993 0.643587 0.039216 0.060049
0 0.051471 0.681985 0.028186 0.038807
0 0.160233 0.516136 0.028799 0.040441
0 0.164828 0.439747 0.020833 0.030637
0 0.192555 0.444853 0.021752 0.035131
0 0.208793 0.406250 0.022978 0.036356
0 0.185049 0.347631 0.025123 0.048203
0 0.161152 0.264297 0.026348 0.040850
0 0.184589 0.163807 0.022365 0.048203
0 0.399203 0.541667 0.022059 0.043301
0 0.423866 0.569853 0.021752 0.042484
0 0.384191 0.312296 0.023897 0.051879
0 0.408548 0.237745 0.017463 0.043301
0 0.381434 0.225899 0.022672 0.041667
0 0.333946 0.310458 0.023897 0.039216
0 0.299020 0.324755 0.030025 0.032680
0 0.308670 0.384191 0.025429 0.051062
0 0.326134 0.225694 0.021752 0.043709
0 0.194547 0.650735 0.021446 0.046569
0 0.509498 0.800654 0.021446 0.033497
0 0.540441 0.716708 0.023897 0.043709
0 0.547335 0.809436 0.029105 0.036356
0 0.588848 0.696895 0.025735 0.033497
0 0.533088 0.438725 0.026348 0.028595
0 0.588082 0.423611 0.024816 0.046569
0 0.518382 0.245507 0.022672 0.040850
0 0.471814 0.328023 0.024510 0.036765
0 0.817402 0.943423 0.025123 0.033088
0 0.849571 0.950572 0.020833 0.040033
0 0.129136 0.329453 0.032782 0.039624
0 0.134498 0.402778 0.028186 0.032680
0 0.087623 0.371528 0.024510 0.037173
0 0.125000 0.256332 0.020833 0.037990
0 0.075368 0.276144 0.028186 0.042484
0 0.037224 0.225694 0.025429 0.036356
0 0.020833 0.331291 0.021446 0.035948
0 0.094363 0.440359 0.025123 0.042484
0 0.099877 0.498979 0.025123 0.036356
0 0.095282 0.559436 0.026961 0.043709
0 0.050092 0.623775 0.024816 0.029412
0 0.024203 0.602328 0.020221 0.033088
0 0.036918 0.503676 0.024203 0.034314
0 0.065411 0.503268 0.018689 0.039216
0 0.047794 0.460580 0.025735 0.040441
0 0.068321 0.429534 0.020833 0.032271
0 0.036458 0.556168 0.018382 0.033088
0 0.019914 0.152778 0.028799 0.049837
0 0.035692 0.041258 0.023591 0.041667
0 0.280178 0.214869 0.027880 0.048203
0 0.296415 0.159926 0.025429 0.049428
0 0.282935 0.108456 0.033395 0.037173
0 0.340533 0.081291 0.026654 0.047386
0 0.399357 0.139502 0.023591 0.042075
0 0.454657 0.152982 0.031250 0.044526
0 0.503983 0.165441 0.023897 0.034314
0 0.465686 0.236520 0.030637 0.048203
0 0.430147 0.090686 0.031863 0.033497
0 0.467831 0.072712 0.023284 0.038399
0 0.403339 0.044526 0.026654 0.033497
0 0.497702 0.036969 0.029718 0.025735
0 0.515778 0.107026 0.022978 0.040033
0 0.149510 0.177083 0.028186 0.033088
0 0.157475 0.074142 0.026348 0.040441
0 0.122243 0.047998 0.022672 0.038807
0 0.137102 0.123775 0.028493 0.040033
0 0.067555 0.079248 0.017463 0.038399
0 0.686887 0.719567 0.022059 0.037990
0 0.746477 0.703431 0.025429 0.031863
0 0.732537 0.774714 0.027574 0.033088
0 0.779412 0.855801 0.028799 0.034314
0 0.780944 0.894812 0.030637 0.034722
0 0.657935 0.789624 0.030944 0.033497
0 0.669271 0.842525 0.019301 0.033088
0 0.898131 0.890523 0.027267 0.057190
0 0.971814 0.779208 0.023284 0.037990
0 0.969669 0.823121 0.026961 0.035131
0 0.970282 0.865605 0.028186 0.027778
0 0.989277 0.908497 0.018995 0.041667
0 0.988051 0.978962 0.023284 0.037990
0 0.668045 0.535335 0.018076 0.029003
0 0.692708 0.531863 0.016544 0.033497
0 0.705729 0.488358 0.014400 0.031454
0 0.614430 0.251225 0.018689 0.033497
0 0.568781 0.219158 0.029718 0.033905
0 0.569087 0.135417 0.021752 0.042892
0 0.614430 0.183619 0.022978 0.037173
0 0.652114 0.227124 0.029718 0.042484
0 0.618873 0.121119 0.027574 0.045343
0 0.571691 0.063930 0.024510 0.035539
0 0.674632 0.075163 0.022059 0.042484
0 0.687806 0.163807 0.024510 0.041667
0 0.712929 0.119077 0.023284 0.037990
0 0.718290 0.036356 0.022978 0.040850
0 0.194700 0.130106 0.014400 0.024918
0 0.722426 0.217729 0.018995 0.046569
0 0.755208 0.197712 0.020833 0.041667
0 0.809130 0.209559 0.026348 0.036765
0 0.845129 0.281863 0.030331 0.026144
0 0.844822 0.315155 0.020527 0.025735
0 0.893842 0.333742 0.021752 0.029412
0 0.931219 0.367647 0.018076 0.026961
0 0.778799 0.293096 0.029412 0.037990
0 0.894608 0.258374 0.030637 0.038807
0 0.869792 0.206904 0.021446 0.031454
0 0.844822 0.145221 0.034620 0.043709
0 0.867034 0.071691 0.028186 0.039624
0 0.929075 0.040850 0.030331 0.035131
0 0.926624 0.124796 0.024816 0.037990
0 0.921415 0.181985 0.031556 0.030637
0 0.932292 0.225490 0.023284 0.034314
0 0.960478 0.281658 0.023284 0.031454
0 0.970741 0.341503 0.022978 0.028595
0 0.972120 0.392974 0.025123 0.039216
0 0.975031 0.440155 0.032782 0.024101
0 0.074755 0.169730 0.041667 0.044526
0 0.018382 0.408088 0.030025 0.040033
0 0.571232 0.676675 0.022365 0.025735
0 0.623468 0.551062 0.036152 0.041667
0 0.907475 0.572304 0.025123 0.034314
0 0.967065 0.539011 0.030944 0.032271
0 0.980086 0.109477 0.027574 0.046569
0 0.790594 0.039828 0.022978 0.028186
0 0.286765 0.039624 0.026961 0.041667
0 0.273438 0.074142 0.021140 0.035539
0 0.695925 0.985090 0.024816 0.035539
0 0.648284 0.989788 0.031250 0.044935
0 0.756587 0.105188 0.029105 0.060049
0 0.974877 0.173815 0.022059 0.036356
0 0.561887 0.013889 0.026348 0.023693
0 0.457874 0.016136 0.029718 0.026552
0 0.988817 0.036356 0.021752 0.040850
0 0.991728 0.475899 0.015931 0.037582
0 0.129289 0.993056 0.033088 0.030229
0 0.042433 0.986520 0.032782 0.032680
