0 0.515931 0.496324 0.029412 0.034314
0 0.577665 0.498979 0.033395 0.039624
0 0.550551 0.542075 0.031250 0.033497
0 0.521446 0.583742 0.032475 0.042484
0 0.475184 0.588440 0.025123 0.044526
0 0.456648 0.615400 0.032782 0.046160
0 0.500766 0.645016 0.019301 0.040850
0 0.552849 0.646855 0.023591 0.033088
0 0.579350 0.601716 0.030025 0.048203
0 0.590993 0.654820 0.023897 0.040033
0 0.618413 0.605801 0.021140 0.040033
0 0.416207 0.626225 0.038297 0.034314
0 0.376072 0.615196 0.028493 0.035131
0 0.378830 0.656250 0.026042 0.029820
0 0.398438 0.698529 0.024203 0.034314
0 0.449908 0.728962 0.030331 0.036356
0 0.460325 0.658292 0.029105 0.024918
0 0.523438 0.719158 0.027880 0.037173
0 0.544730 0.752655 0.019608 0.031454
0 0.477482 0.775123 0.029105 0.039624
0 0.526654 0.813317 0.026961 0.043301
0 0.580116 0.801266 0.029718 0.039624
0 0.628983 0.759600 0.028799 0.058415
0 0.599418 0.871324 0.026042 0.049837
0 0.510723 0.884395 0.027574 0.048203
0 0.480852 0.849060 0.024816 0.037173
0 0.439951 0.825163 0.033088 0.041667
0 0.410386 0.869281 0.029105 0.039216
0 0.400582 0.771650 0.031556 0.041667
0 0.369485 0.800245 0.036152 0.047386
0 0.422641 0.523489 0.036458 0.038807
0 0.462929 0.431781 0.032475 0.046569
0 0.526348 0.422181 0.029412 0.032271
0 0.499694 0.342933 0.032475 0.048611
0 0.553156 0.372753 0.028493 0.038807
0 0.543811 0.293913 0.032475 0.038807
0 0.578125 0.239788 0.023897 0.054739
0 0.619638 0.214052 0.022978 0.049837
0 0.619638 0.356413 0.029105 0.052696
0 0.354933 0.429534 0.037071 0.037990
0 0.411152 0.372958 0.029412 0.045752
0 0.429381 0.312704 0.024816 0.036356
0 0.463848 0.266953 0.023897 0.048611
0 0.373162 0.329861 0.025123 0.031454
0 0.397672 0.260825 0.028799 0.029003
0 0.458487 0.203023 0.027267 0.031863
0 0.419730 0.150531 0.027574 0.049428
0 0.337316 0.517770 0.027574 0.037990
0 0.373315 0.517565 0.030944 0.045752
0 0.379136 0.567606 0.024203 0.043709
0 0.407629 0.479779 0.028493 0.037990
0 0.257047 0.742239 0.023284 0.048203
0 0.227022 0.736315 0.024510 0.029003
0 0.231311 0.690564 0.022672 0.033088
0 0.231311 0.650123 0.023284 0.030637
0 0.304688 0.676266 0.029718 0.058415
0 0.308211 0.541054 0.024510 0.038807
0 0.294577 0.468750 0.020527 0.044526
0 0.263787 0.466095 0.017770 0.036765
0 0.664369 0.552900 0.018076 0.046977
0 0.681219 0.495711 0.033395 0.042892
0 0.703738 0.612541 0.023284 0.037173
0 0.678156 0.666871 0.026654 0.033905
0 0.702665 0.717933 0.027267 0.039624
0 0.692708 0.769404 0.028186 0.037173
0 0.692402 0.841095 0.030637 0.040033
0 0.727482 0.864379 0.026654 0.035948
0 0.739124 0.912377 0.029718 0.037990
0 0.793658 0.941176 0.029105 0.040033
0 0.784007 0.870302 0.028799 0.028186
0 0.756281 0.838031 0.029718 0.037990
0 0.750460 0.769199 0.029105 0.055556
0 0.733150 0.551062 0.028799 0.043301
0 0.741575 0.650123 0.022978 0.030637
0 0.746477 0.449959 0.029718 0.051062
0 0.762102 0.370711 0.030331 0.038807
0 0.767616 0.309641 0.028493 0.049837
0 0.776808 0.254698 0.023591 0.037173
0 0.806679 0.297998 0.030637 0.042075
0 0.829963 0.255310 0.022059 0.035948
0 0.805453 0.204248 0.025735 0.041667
0 0.721967 0.174632 0.030944 0.045343
0 0.714920 0.262255 0.019914 0.052288
0 0.699142 0.322100 0.023897 0.046977
0 0.721507 0.377247 0.025123 0.046160
0 0.677390 0.361928 0.023897 0.038399
0 0.525735 0.199346 0.028799 0.042484
0 0.537071 0.145016 0.029412 0.054739
0 0.504136 0.087214 0.022978 0.031454
0 0.496170 0.144812 0.027267 0.037990
0 0.472273 0.101511 0.029718 0.049428
0 0.467984 0.053309 0.021140 0.049428
0 0.801011 0.697508 0.029105 0.049428
0 0.783548 0.587623 0.018076 0.050245
0 0.796262 0.516748 0.030025 0.058007
0 0.823836 0.612745 0.020221 0.048203
0 0.851562 0.558007 0.020527 0.048203
0 0.831036 0.435253 0.029105 0.056781
0 0.881893 0.433824 0.026042 0.042484
0 0.886183 0.514297 0.024816 0.040850
0 0.891544 0.575163 0.021446 0.040033
0 0.878830 0.618668 0.020527 0.042075
0 0.918964 0.641340 0.025429 0.053922
0 0.869792 0.672386 0.023897 0.050654
0 0.839614 0.718342 0.019914 0.044526
0 0.832721 0.765523 0.025123 0.040850
0 0.805453 0.794322 0.026348 0.057598
0 0.858609 0.902165 0.039522 0.049428
0 0.889093 0.840074 0.024510 0.039624
0 0.876838 0.791871 0.024510 0.045343
0 0.920496 0.811887 0.025429 0.051879
0 0.930453 0.728350 0.020221 0.046569
0 0.927390 0.896650 0.026348 0.045752
0 0.964461 0.829453 0.023284 0.047794
0 0.977788 0.900531 0.024816 0.045343
0 0.876072 0.985498 0.022978 0.037990
0 0.902114 0.971405 0.021140 0.033497
0 0.929534 0.959559 0.023897 0.040033
0 0.989890 0.976307 0.019608 0.050654
0 0.244485 0.981209 0.033088 0.034314
0 0.976256 0.740605 0.030331 0.046569
0 0.987286 0.654208 0.022978 0.053513
0 0.953585 0.553922 0.033395 0.047386
0 0.991268 0.541667 0.016850 0.054739
0 0.926164 0.487745 0.029412 0.049020
0 0.956036 0.437908 0.024203 0.040033
0 0.939645 0.354371 0.025123 0.052696
0 0.892157 0.286356 0.033088 0.040850
0 0.862286 0.313725 0.025429 0.049020
0 0.822763 0.354371 0.020527 0.045343
0 0.699755 0.026552 0.034314 0.041667
0 0.901195 0.146855 0.020527 0.052696
0 0.922794 0.115605 0.019608 0.048203
0 0.916667 0.062092 0.023284 0.058824
0 0.945006 0.060049 0.022365 0.055556
0 0.962163 0.173815 0.020527 0.042075
0 0.938725 0.199755 0.023897 0.056373
0 0.990349 0.245507 0.018689 0.057190
0 0.991575 0.175041 0.016238 0.057598
0 0.190564 0.769812 0.026961 0.058415
0 0.140778 0.766136 0.037684 0.052696
0 0.106924 0.780433 0.025735 0.050245
0 0.057904 0.787377 0.032475 0.046977
0 0.094210 0.709355 0.027880 0.043709
0 0.131434 0.654412 0.030025 0.048203
0 0.188113 0.687704 0.035539 0.031454
0 0.186581 0.647059 0.025123 0.035131
0 0.189185 0.594567 0.018076 0.046977
0 0.153033 0.498162 0.024203 0.034722
0 0.241422 0.492647 0.015931 0.040033
0 0.242647 0.426879 0.028186 0.035948
0 0.240656 0.381536 0.024816 0.034314
0 0.263480 0.343342 0.021446 0.039624
0 0.312194 0.361111 0.028186 0.043301
0 0.444547 0.567198 0.030025 0.042892
0 0.027420 0.705882 0.035846 0.056373
0 0.009344 0.616626 0.018689 0.060049
0 0.020067 0.528391 0.028493 0.046160
0 0.051624 0.501430 0.026654 0.040441
0 0.094975 0.506127 0.026961 0.048203
0 0.109069 0.441993 0.025735 0.057190
0 0.184589 0.361724 0.034007 0.051062
0 0.198529 0.291054 0.025735 0.053513
0 0.253983 0.275327 0.033088 0.044118
0 0.315104 0.236724 0.027880 0.051062
0 0.346967 0.266953 0.019914 0.040441
0 0.369638 0.228758 0.029105 0.026144
0 0.361213 0.177083 0.022672 0.040441
0 0.346201 0.117647 0.030637 0.040850
0 0.316789 0.150123 0.020833 0.051879
0 0.270221 0.113562 0.027574 0.049020
0 0.327053 0.062908 0.034007 0.035131
0 0.254749 0.184436 0.027267 0.059232
0 0.200368 0.147263 0.027574 0.059232
0 0.185662 0.190972 0.027574 0.050245
0 0.216299 0.093342 0.022059 0.030637
0 0.208027 0.054126 0.028186 0.049428
0 0.253983 0.033497 0.033088 0.042484
0 0.350184 0.014502 0.031250 0.023284
0 0.136336 0.372753 0.028186 0.059232
0 0.095282 0.318423 0.019608 0.049428
0 0.106005 0.275327 0.024510 0.048203
0 0.124694 0.207925 0.025735 0.047386
0 0.092218 0.113562 0.027574 0.054739
0 0.145067 0.063317 0.031556 0.056373
0 0.044884 0.155229 0.031556 0.051471
0 0.018689 0.393382 0.028799 0.047386
0 0.022518 0.334967 0.022365 0.056373
0 0.070466 0.317810 0.014706 0.046569
0 0.034467 0.075980 0.029105 0.061275
0 0.563266 0.053309 0.025429 0.058415
0 0.211244 0.537582 0.028493 0.046569
0 0.139553 0.566585 0.025429 0.026961
0 0.078738 0.631740 0.019608 0.039624
0 0.066330 0.579657 0.027267 0.038399
0 0.628523 0.024510 0.028493 0.040033
