0 0.384498 0.580065 0.031863 0.049837
0 0.343903 0.520425 0.027267 0.041667
0 0.368566 0.467116 0.022059 0.041258
0 0.397212 0.469567 0.020527 0.037990
0 0.419884 0.502247 0.023591 0.038807
0 0.451287 0.522672 0.020221 0.044526
0 0.479320 0.519404 0.020527 0.051062
0 0.453278 0.446078 0.029105 0.041667
0 0.422028 0.403595 0.030331 0.045752
0 0.438879 0.366013 0.032782 0.046569
0 0.489430 0.320466 0.031556 0.051879
0 0.559436 0.463440 0.025123 0.044526
0 0.557598 0.527778 0.024510 0.053105
0 0.592371 0.487949 0.022978 0.036356
0 0.597733 0.428105 0.023897 0.042484
0 0.558977 0.359069 0.026042 0.058007
0 0.571078 0.299428 0.020833 0.055556
0 0.559130 0.211193 0.023284 0.049837
0 0.602635 0.256944 0.026348 0.048203
0 0.634957 0.289624 0.020527 0.047386
0 0.619026 0.361520 0.024816 0.048203
0 0.647365 0.419935 0.022672 0.057190
0 0.619945 0.552492 0.029718 0.037173
0 0.618260 0.599673 0.018995 0.035131
0 0.653186 0.652369 0.028799 0.035131
0 0.688419 0.618464 0.027574 0.041667
0 0.701287 0.556781 0.021446 0.048203
0 0.729473 0.497958 0.023897 0.047386
0 0.754749 0.513889 0.023591 0.040033
0 0.763174 0.556985 0.020833 0.033088
0 0.795956 0.651144 0.028186 0.047386
0 0.728248 0.640523 0.029412 0.040850
0 0.752757 0.679739 0.021446 0.028595
0 0.707108 0.697304 0.022059 0.047386
0 0.765472 0.764093 0.027267 0.052696
0 0.824755 0.715482 0.017770 0.031454
0 0.846967 0.780433 0.022365 0.038807
0 0.885110 0.699142 0.028799 0.045343
0 0.884038 0.783497 0.022978 0.040033
0 0.850337 0.897672 0.035233 0.045343
0 0.901808 0.913603 0.028493 0.044526
0 0.931066 0.883578 0.025735 0.047386
0 0.958487 0.854575 0.029718 0.046569
0 0.964154 0.916462 0.030637 0.042892
0 0.938266 0.968954 0.032169 0.041667
0 0.659773 0.892361 0.029718 0.037173
0 0.708487 0.893791 0.019914 0.035948
0 0.745558 0.928513 0.040748 0.048203
0 0.693934 0.928717 0.025735 0.040441
0 0.735754 0.981822 0.034007 0.039624
0 0.612592 0.965278 0.029718 0.035948
0 0.418505 0.763889 0.025123 0.048203
0 0.454044 0.792075 0.022672 0.040033
0 0.482537 0.810049 0.022672 0.048203
0 0.516238 0.747753 0.030637 0.038807
0 0.572610 0.830474 0.022059 0.035131
0 0.553768 0.876838 0.034007 0.050245
0 0.572763 0.946691 0.024203 0.046977
0 0.525276 0.963440 0.028493 0.043709
0 0.510263 0.864788 0.022978 0.053922
0 0.466605 0.893995 0.020221 0.037990
0 0.453738 0.943219 0.027574 0.034314
0 0.480239 0.978350 0.023591 0.032680
0 0.408241 0.908292 0.027880 0.048611
0 0.367953 0.948734 0.026961 0.043709
0 0.357077 0.873570 0.027880 0.052696
0 0.314032 0.859477 0.025735 0.054739
0 0.322917 0.947917 0.025123 0.044526
0 0.271906 0.942606 0.030331 0.033088
0 0.258578 0.854984 0.027574 0.032680
0 0.270527 0.761846 0.021446 0.046569
0 0.304075 0.725694 0.020527 0.037173
0 0.846661 0.595588 0.023591 0.040033
0 0.829810 0.539420 0.019301 0.042892
0 0.859222 0.531454 0.019301 0.040033
0 0.889400 0.588440 0.018995 0.046160
0 0.897825 0.516748 0.022978 0.035948
0 0.934743 0.639502 0.018995 0.042892
0 0.937347 0.588031 0.015012 0.037990
0 0.944853 0.707108 0.023284 0.039216
0 0.974265 0.770016 0.028186 0.042484
0 0.839308 0.440768 0.031556 0.056373
0 0.774203 0.428922 0.025735 0.042484
0 0.732537 0.386029 0.022059 0.041667
0 0.760417 0.359069 0.027574 0.040033
0 0.785846 0.315564 0.028186 0.041258
0 0.703738 0.340891 0.020221 0.044526
0 0.701134 0.441176 0.023591 0.027778
0 0.668964 0.377247 0.022978 0.037173
0 0.718290 0.276144 0.031556 0.055556
0 0.666360 0.227737 0.030025 0.045343
0 0.662071 0.476920 0.018382 0.043709
0 0.320312 0.609273 0.035233 0.030637
0 0.301624 0.539420 0.018076 0.038807
0 0.311121 0.489379 0.021752 0.046569
0 0.321078 0.421160 0.022672 0.045752
0 0.380821 0.383170 0.027574 0.040033
0 0.345588 0.308211 0.026348 0.056781
0 0.294118 0.328840 0.021446 0.042484
0 0.281250 0.393791 0.021446 0.048203
0 0.258272 0.468750 0.025123 0.051879
0 0.216146 0.512868 0.023591 0.030637
0 0.193474 0.638889 0.033395 0.049020
0 0.244026 0.727328 0.021752 0.044526
0 0.232230 0.777165 0.024510 0.039624
0 0.213542 0.721405 0.026348 0.054739
0 0.164369 0.753881 0.016238 0.049428
0 0.147212 0.700163 0.029105 0.053105
0 0.110600 0.657680 0.023284 0.043301
0 0.059130 0.671977 0.026961 0.040850
0 0.089308 0.731209 0.025429 0.044935
0 0.109835 0.809028 0.023591 0.051879
0 0.138480 0.858252 0.025123 0.048203
0 0.190564 0.815155 0.022059 0.043709
0 0.212010 0.860294 0.022059 0.034314
0 0.442555 0.644404 0.027267 0.043709
0 0.232384 0.967729 0.029718 0.042484
0 0.185509 0.926879 0.029105 0.048203
0 0.088235 0.952614 0.028186 0.035131
0 0.031097 0.921773 0.029105 0.045343
0 0.039982 0.867034 0.021752 0.036356
0 0.070159 0.881536 0.020833 0.040850
0 0.054075 0.771038 0.016850 0.050245
0 0.021140 0.787786 0.021446 0.050245
0 0.010723 0.706495 0.018995 0.045343
0 0.012868 0.639297 0.025735 0.040850
0 0.621017 0.151144 0.023897 0.055556
0 0.641544 0.104779 0.029412 0.053513
0 0.388021 0.247753 0.024203 0.051062
0 0.423866 0.228145 0.025429 0.046160
0 0.387561 0.155842 0.030637 0.057598
0 0.450521 0.164828 0.020527 0.046160
0 0.452359 0.098448 0.024203 0.048203
0 0.481771 0.082516 0.015625 0.048203
0 0.595435 0.083538 0.030944 0.038807
0 0.666973 0.158905 0.025735 0.035948
0 0.705882 0.165237 0.027574 0.037990
0 0.698836 0.053309 0.014093 0.065768
0 0.755515 0.084355 0.021446 0.050245
0 0.762868 0.162786 0.022059 0.051062
0 0.799326 0.225082 0.023897 0.053922
0 0.817555 0.161356 0.026654 0.057190
0 0.409773 0.295547 0.029105 0.035539
0 0.331955 0.171364 0.035233 0.044526
0 0.340533 0.222426 0.027880 0.040441
0 0.289675 0.218750 0.028493 0.048611
0 0.271446 0.280842 0.020833 0.048611
0 0.246936 0.220792 0.017770 0.044526
0 0.849724 0.293913 0.019914 0.050245
0 0.897518 0.243668 0.022978 0.037173
0 0.893076 0.306168 0.022672 0.030637
0 0.899203 0.349469 0.023897 0.040441
0 0.929688 0.309436 0.024203 0.046160
0 0.939951 0.365605 0.022059 0.040033
0 0.971354 0.395221 0.022978 0.045343
0 0.946385 0.437092 0.023897 0.040033
0 0.963388 0.518587 0.029105 0.052696
0 0.992034 0.719567 0.015319 0.051062
0 0.924173 0.780842 0.016850 0.033905
0 0.858150 0.207516 0.022672 0.035131
0 0.837316 0.120302 0.021446 0.051879
0 0.820006 0.051471 0.018689 0.035948
0 0.860294 0.062500 0.029412 0.058007
0 0.903033 0.126430 0.019914 0.039624
0 0.916360 0.185866 0.022059 0.040033
0 0.963235 0.226511 0.031250 0.045343
0 0.949142 0.130719 0.025123 0.035131
0 0.981005 0.145016 0.020221 0.038399
0 0.942555 0.044322 0.019301 0.037173
0 0.436275 0.848448 0.034926 0.045752
0 0.208946 0.435049 0.025123 0.040033
0 0.248315 0.369894 0.025429 0.029820
0 0.261336 0.330065 0.018382 0.040850
0 0.212163 0.306168 0.019301 0.043709
0 0.214154 0.243668 0.025123 0.033088
0 0.222733 0.185662 0.026961 0.045343
0 0.254136 0.146242 0.024203 0.040850
0 0.290901 0.086397 0.023591 0.031454
0 0.336550 0.077819 0.029718 0.044526
0 0.353860 0.040645 0.022059 0.046160
0 0.402267 0.079657 0.023897 0.042484
0 0.417586 0.032475 0.024510 0.040441
0 0.179688 0.160335 0.021140 0.041258
0 0.225950 0.061683 0.024816 0.045752
0 0.149050 0.099060 0.014400 0.029820
0 0.141391 0.177900 0.016238 0.046160
0 0.168045 0.246119 0.016850 0.042075
0 0.155331 0.345180 0.017770 0.035948
0 0.171569 0.425858 0.023284 0.046977
0 0.128676 0.449959 0.022059 0.043709
0 0.112592 0.395833 0.026042 0.048203
0 0.110754 0.304739 0.021140 0.040850
0 0.093750 0.247549 0.025735 0.049837
0 0.106618 0.166258 0.019608 0.043301
0 0.117800 0.091299 0.021752 0.037990
0 0.092831 0.062908 0.022059 0.049837
0 0.046415 0.129085 0.026654 0.049020
0 0.042279 0.193832 0.025123 0.044526
0 0.055760 0.270629 0.028186 0.050245
0 0.063725 0.361111 0.024510 0.040033
0 0.074602 0.416054 0.024203 0.035539
0 0.100643 0.512051 0.027267 0.048611
0 0.025429 0.526348 0.030025 0.040441
0 0.016697 0.473243 0.026654 0.052696
0 0.017463 0.401757 0.026348 0.052696
0 0.013327 0.333538 0.021140 0.051879
0 0.007353 0.157680 0.014706 0.035131
0 0.012255 0.069853 0.022672 0.040033
0 0.052237 0.055556 0.026654 0.042484
0 0.105239 0.018587 0.032782 0.033088
0 0.166360 0.023489 0.028799 0.039624
0 0.718290 0.015114 0.015012 0.028595
0 0.790135 0.020221 0.027574 0.037173
0 0.864583 0.016544 0.030637 0.025735
0 0.275888 0.022059 0.030944 0.033497
0 0.136336 0.986520 0.022059 0.035948
0 0.685509 0.988971 0.027880 0.029412
