0 0.592371 0.489379 0.024816 0.035131
0 0.582567 0.535131 0.029718 0.041667
0 0.601716 0.578840 0.025123 0.035948
0 0.559130 0.580065 0.033088 0.048203
0 0.522059 0.622958 0.028799 0.048203
0 0.589920 0.673407 0.030944 0.045343
0 0.645527 0.654820 0.031863 0.043301
0 0.645067 0.711806 0.024816 0.038807
0 0.652880 0.539420 0.039216 0.042892
0 0.686121 0.434641 0.022365 0.044118
0 0.724724 0.395016 0.031556 0.035131
0 0.695312 0.493260 0.021140 0.037990
0 0.730086 0.442198 0.017770 0.042892
0 0.749540 0.501430 0.027267 0.047794
0 0.686887 0.597018 0.028799 0.051879
0 0.702665 0.648897 0.025429 0.037173
0 0.733456 0.676062 0.024510 0.038399
0 0.770680 0.611724 0.029105 0.051879
0 0.817862 0.636438 0.026654 0.041667
0 0.849418 0.660335 0.022978 0.041258
0 0.819240 0.526961 0.026348 0.053105
0 0.790135 0.448529 0.024510 0.044935
0 0.832261 0.470180 0.025429 0.049020
0 0.873775 0.432598 0.025123 0.048203
0 0.865962 0.515727 0.021140 0.032271
0 0.903646 0.516748 0.022365 0.041667
0 0.938113 0.512868 0.018382 0.037990
0 0.868719 0.600286 0.029718 0.037990
0 0.925092 0.594975 0.027267 0.035539
0 0.799632 0.684028 0.025123 0.035539
0 0.824755 0.728758 0.032475 0.041667
0 0.846661 0.789216 0.024816 0.040033
0 0.925551 0.691789 0.028186 0.039624
0 0.920650 0.770629 0.027574 0.036356
0 0.945159 0.814134 0.026348 0.030229
0 0.970588 0.767770 0.024510 0.032271
0 0.978401 0.824346 0.023591 0.041667
0 0.966759 0.870711 0.024203 0.034722
0 0.936428 0.915237 0.027267 0.033905
0 0.977788 0.938725 0.030331 0.040850
0 0.900582 0.868056 0.023591 0.049020
0 0.865196 0.915645 0.031250 0.046160
0 0.816023 0.886438 0.022978 0.045752
0 0.804075 0.821691 0.024203 0.049428
0 0.763480 0.869077 0.025735 0.037990
0 0.767616 0.947712 0.033395 0.035948
0 0.839001 0.986928 0.031556 0.035131
0 0.728707 0.801471 0.037684 0.035131
0 0.675858 0.877655 0.031250 0.029820
0 0.704350 0.940359 0.028799 0.041667
0 0.629136 0.970384 0.032169 0.038807
0 0.621017 0.904003 0.019608 0.026961
0 0.602482 0.880515 0.024816 0.035539
0 0.632506 0.816993 0.031556 0.041667
0 0.678615 0.803513 0.028186 0.031863
0 0.651654 0.763685 0.026348 0.048611
0 0.678922 0.730188 0.018995 0.044526
0 0.702206 0.714257 0.021446 0.037990
0 0.715227 0.556577 0.027880 0.036356
0 0.539062 0.825368 0.027880 0.042075
0 0.577206 0.760417 0.036765 0.033905
0 0.493719 0.760417 0.028493 0.046977
0 0.465380 0.860498 0.020221 0.041258
0 0.490349 0.879289 0.024203 0.037990
0 0.562040 0.929126 0.029105 0.032271
0 0.567096 0.876225 0.022059 0.037582
0 0.584865 0.981005 0.024510 0.034722
0 0.650888 0.234886 0.035233 0.045752
0 0.890931 0.309641 0.029412 0.046569
0 0.944393 0.318627 0.025429 0.033497
0 0.980392 0.306781 0.022059 0.033497
0 0.932138 0.390319 0.029718 0.037173
0 0.933211 0.444444 0.024510 0.040033
0 0.978554 0.450980 0.023284 0.043301
0 0.894455 0.086601 0.030944 0.040033
0 0.556526 0.211397 0.027880 0.044526
0 0.606771 0.161765 0.026654 0.049020
0 0.639093 0.124183 0.022672 0.044118
0 0.711550 0.143178 0.024203 0.029003
0 0.755208 0.100899 0.022672 0.046569
0 0.791360 0.112745 0.026961 0.040033
0 0.696385 0.080270 0.023897 0.036356
0 0.631893 0.069853 0.024203 0.043301
0 0.597426 0.086193 0.021446 0.037582
0 0.551624 0.065359 0.029105 0.035948
0 0.539675 0.134191 0.026654 0.037173
0 0.504749 0.153799 0.022978 0.037173
0 0.507047 0.217320 0.028799 0.043301
0 0.457261 0.146446 0.022978 0.060866
0 0.494485 0.112949 0.024510 0.031454
0 0.983762 0.650123 0.031863 0.043709
0 0.986520 0.711193 0.026348 0.035948
0 0.971354 0.202614 0.020527 0.040033
0 0.986673 0.362337 0.026042 0.049837
0 0.912990 0.991217 0.033088 0.037990
0 0.483915 0.058211 0.030944 0.037173
0 0.656097 0.022059 0.022365 0.035131
0 0.717218 0.018791 0.022672 0.034314
0 0.777727 0.022672 0.029718 0.037990
0 0.833946 0.032680 0.022672 0.054739
0 0.788756 0.183619 0.030331 0.044526
0 0.449755 0.348039 0.034314 0.053105
0 0.463235 0.485907 0.023284 0.045343
0 0.422488 0.522672 0.022672 0.053513
0 0.445619 0.565359 0.016850 0.048203
0 0.397365 0.466299 0.025735 0.042892
0 0.386336 0.520221 0.023897 0.045343
0 0.386795 0.620711 0.029105 0.037990
0 0.329044 0.651961 0.033088 0.050654
0 0.339767 0.559436 0.031250 0.037990
0 0.355699 0.483456 0.023897 0.045343
0 0.325061 0.507353 0.025735 0.041667
0 0.349265 0.408701 0.020833 0.035539
0 0.347886 0.784109 0.027267 0.050245
0 0.318934 0.769812 0.028799 0.037990
0 0.279565 0.774714 0.023591 0.050245
0 0.276195 0.668096 0.023591 0.046160
0 0.275123 0.605188 0.024510 0.051879
0 0.289369 0.559232 0.027267 0.045752
0 0.318168 0.459559 0.032169 0.035131
0 0.321232 0.426266 0.022978 0.029820
0 0.322304 0.361928 0.030025 0.044935
0 0.300705 0.407884 0.023591 0.037173
0 0.270833 0.475490 0.033088 0.039216
0 0.237745 0.662582 0.028186 0.059641
0 0.240043 0.750613 0.022978 0.046160
0 0.204350 0.745711 0.026961 0.046977
0 0.168352 0.749796 0.026042 0.046160
0 0.192249 0.798815 0.022978 0.037173
0 0.188879 0.667688 0.025429 0.054330
0 0.148744 0.679739 0.031556 0.050654
0 0.202206 0.566585 0.027574 0.062092
0 0.227941 0.473243 0.024510 0.052696
0 0.267157 0.394404 0.018995 0.043709
0 0.270680 0.346405 0.029718 0.035131
0 0.278493 0.303105 0.036765 0.042484
0 0.300705 0.261642 0.030331 0.037990
0 0.330729 0.303105 0.026042 0.039216
0 0.366268 0.298815 0.023591 0.042075
0 0.390012 0.263889 0.026348 0.054739
0 0.336703 0.232230 0.030025 0.052696
0 0.339767 0.177900 0.027574 0.029820
0 0.325061 0.128472 0.028799 0.046977
0 0.380515 0.049632 0.031250 0.046977
0 0.077359 0.816585 0.038297 0.042484
0 0.021906 0.897263 0.034620 0.037173
0 0.028799 0.770629 0.031863 0.036356
0 0.019455 0.819853 0.022978 0.040033
0 0.055913 0.938930 0.027267 0.042892
0 0.086244 0.899918 0.025429 0.033497
0 0.107077 0.614379 0.034007 0.029412
0 0.081189 0.669526 0.030025 0.041667
0 0.050705 0.611724 0.026654 0.037173
0 0.073989 0.584150 0.026042 0.049020
0 0.103248 0.552083 0.031863 0.043709
0 0.142770 0.536969 0.027574 0.039624
0 0.155025 0.495711 0.025735 0.051879
0 0.181832 0.421569 0.026654 0.057190
0 0.219363 0.371119 0.023897 0.033905
0 0.215533 0.333129 0.027267 0.039624
0 0.212010 0.276348 0.019608 0.044526
0 0.252757 0.230596 0.025735 0.044526
0 0.287837 0.204248 0.025429 0.035948
0 0.279259 0.157475 0.027267 0.031454
0 0.280025 0.088031 0.030637 0.047794
0 0.234528 0.043709 0.029718 0.048203
0 0.213695 0.123162 0.026042 0.044526
0 0.246936 0.162173 0.017770 0.042484
0 0.220282 0.190972 0.023897 0.051879
0 0.169118 0.276961 0.020833 0.042484
0 0.165135 0.346405 0.027574 0.048203
0 0.137561 0.412786 0.026348 0.046977
0 0.117953 0.462418 0.030025 0.048203
0 0.029105 0.395629 0.027574 0.063317
0 0.028033 0.478554 0.024816 0.052696
0 0.043199 0.216095 0.029412 0.049837
0 0.091912 0.139502 0.030637 0.054330
0 0.117341 0.097222 0.026961 0.040850
0 0.173560 0.084355 0.034620 0.041258
0 0.165441 0.030229 0.030025 0.040033
0 0.088082 0.069444 0.022978 0.042484
0 0.104626 0.212623 0.033395 0.043709
0 0.150276 0.239583 0.024203 0.033905
0 0.176164 0.182190 0.028186 0.049020
0 0.084712 0.280229 0.026654 0.035948
0 0.079350 0.333742 0.029412 0.040850
0 0.093290 0.407271 0.024203 0.035948
0 0.035539 0.291054 0.026348 0.047794
0 0.007047 0.227737 0.014093 0.045343
0 0.044118 0.061070 0.025735 0.031454
0 0.102175 0.986111 0.028493 0.031046
0 0.849418 0.147467 0.030331 0.048203
0 0.074908 0.017157 0.040748 0.034314
0 0.484681 0.015727 0.032475 0.024101
0 0.638021 0.410539 0.026654 0.055556
