0 0.486673 0.546773 0.038297 0.044526
0 0.526961 0.529208 0.026348 0.042892
0 0.545803 0.445670 0.030944 0.049837
0 0.571844 0.420343 0.018689 0.049020
0 0.604320 0.480596 0.024203 0.032271
0 0.593750 0.565768 0.031863 0.037582
0 0.645067 0.572304 0.025429 0.047386
0 0.512102 0.664216 0.035846 0.054739
0 0.442708 0.616830 0.028799 0.049020
0 0.424632 0.673203 0.030637 0.043301
0 0.464614 0.699346 0.026654 0.045752
0 0.583640 0.624796 0.030025 0.038807
0 0.634957 0.647467 0.024816 0.040033
0 0.670650 0.655025 0.024510 0.037990
0 0.696844 0.623162 0.022365 0.046977
0 0.731005 0.667279 0.025735 0.050245
0 0.652267 0.706291 0.028186 0.040850
0 0.697917 0.702614 0.028186 0.039216
0 0.723346 0.748366 0.030025 0.031046
0 0.736213 0.796977 0.021446 0.039216
0 0.776808 0.744894 0.027267 0.045343
0 0.802849 0.689338 0.032169 0.044526
0 0.625460 0.841503 0.027267 0.040850
0 0.569547 0.842525 0.031863 0.042892
0 0.588542 0.962827 0.028186 0.046569
0 0.681066 0.899510 0.026961 0.035948
0 0.661765 0.771242 0.028186 0.033497
0 0.682598 0.803105 0.027574 0.030229
0 0.718290 0.845792 0.020527 0.039624
0 0.718903 0.903186 0.024203 0.041667
0 0.765625 0.862949 0.031863 0.031454
0 0.793658 0.808211 0.026042 0.029820
0 0.606618 0.709763 0.025735 0.044526
0 0.570312 0.732639 0.026042 0.037990
0 0.524050 0.737745 0.029718 0.044935
0 0.480699 0.764706 0.021446 0.048203
0 0.512102 0.806577 0.018689 0.045343
0 0.433211 0.777982 0.030637 0.043709
0 0.385876 0.594771 0.030944 0.041667
0 0.469056 0.816993 0.031863 0.034314
0 0.484681 0.857230 0.026348 0.040441
0 0.492341 0.898897 0.030637 0.040441
0 0.485141 0.966708 0.027880 0.044526
0 0.526348 0.984273 0.023897 0.038807
0 0.375306 0.717729 0.023284 0.041667
0 0.379596 0.761642 0.026348 0.038807
0 0.361060 0.799837 0.029105 0.039216
0 0.329963 0.830882 0.024510 0.058007
0 0.279565 0.826185 0.029718 0.045343
0 0.326134 0.887255 0.024203 0.041667
0 0.371630 0.943627 0.028799 0.040850
0 0.419118 0.961601 0.037377 0.053105
0 0.406403 0.894199 0.026042 0.053922
0 0.423560 0.837418 0.027267 0.041667
0 0.445772 0.876430 0.026348 0.032271
0 0.452359 0.920752 0.020527 0.035948
0 0.666360 0.981822 0.025735 0.043709
0 0.696078 0.988766 0.021446 0.053513
0 0.756587 0.954044 0.021752 0.037990
0 0.763327 0.917484 0.022978 0.051471
0 0.827206 0.936479 0.026961 0.056781
0 0.843444 0.820057 0.031250 0.057598
0 0.782475 0.988971 0.017157 0.035131
0 0.814798 0.989379 0.027880 0.037582
0 0.904871 0.883170 0.029105 0.039216
0 0.900888 0.830474 0.029718 0.048203
0 0.924326 0.800858 0.028186 0.042892
0 0.906250 0.727328 0.024510 0.072304
0 0.932445 0.738358 0.018689 0.052696
0 0.973039 0.779003 0.025735 0.050654
0 0.963542 0.875000 0.027574 0.066993
0 0.933517 0.950368 0.025123 0.042075
0 0.407169 0.445261 0.043505 0.049020
0 0.316483 0.343954 0.028186 0.035131
0 0.348805 0.298815 0.026042 0.045343
0 0.367034 0.347426 0.024510 0.037173
0 0.403799 0.349673 0.026961 0.034314
0 0.458793 0.327206 0.029718 0.048203
0 0.506281 0.379698 0.027880 0.052696
0 0.523131 0.335989 0.017463 0.051062
0 0.547947 0.358252 0.031556 0.050654
0 0.591146 0.332108 0.026654 0.047386
0 0.587623 0.375817 0.026348 0.037582
0 0.630208 0.411560 0.025735 0.044526
0 0.699602 0.438317 0.029105 0.044118
0 0.700214 0.478962 0.026654 0.037173
0 0.510110 0.230392 0.036765 0.056373
0 0.491728 0.128676 0.034926 0.068627
0 0.551317 0.096609 0.033395 0.044526
0 0.561734 0.145425 0.026654 0.035131
0 0.593290 0.208946 0.035233 0.036356
0 0.633425 0.236928 0.029718 0.040033
0 0.606005 0.272467 0.022672 0.039216
0 0.644914 0.357435 0.028799 0.041667
0 0.668045 0.303105 0.035233 0.044118
0 0.693781 0.368056 0.025429 0.033497
0 0.690104 0.076797 0.030944 0.046569
0 0.689032 0.194036 0.020221 0.047386
0 0.700061 0.256944 0.022059 0.048203
0 0.730086 0.236520 0.024510 0.055556
0 0.755208 0.173203 0.022672 0.061275
0 0.779259 0.099265 0.029105 0.042484
0 0.797335 0.178309 0.024816 0.043709
0 0.841146 0.123162 0.034007 0.031454
0 0.820925 0.223448 0.022978 0.042484
0 0.862132 0.210989 0.023897 0.051062
0 0.856924 0.303513 0.026961 0.035948
0 0.869179 0.341912 0.025735 0.039216
0 0.885876 0.388685 0.024816 0.039624
0 0.839001 0.477533 0.029105 0.041667
0 0.865502 0.514502 0.028799 0.029820
0 0.892923 0.484886 0.021140 0.035131
0 0.920496 0.467729 0.028493 0.034314
0 0.922488 0.428717 0.024510 0.037990
0 0.939185 0.524101 0.022978 0.049020
0 0.869945 0.563317 0.026042 0.042484
0 0.830423 0.570466 0.029105 0.041258
0 0.630821 0.457312 0.031863 0.026552
0 0.649203 0.142770 0.020833 0.059232
0 0.601562 0.082721 0.035233 0.044526
0 0.558211 0.039420 0.030025 0.045343
0 0.490349 0.023489 0.034620 0.039624
0 0.443168 0.107026 0.022365 0.043301
0 0.443934 0.176675 0.028186 0.052696
0 0.413297 0.247141 0.033088 0.040033
0 0.433670 0.285743 0.020527 0.024918
0 0.363205 0.500817 0.027880 0.035948
0 0.392004 0.532475 0.025429 0.032271
0 0.416360 0.564542 0.022672 0.026144
0 0.969669 0.364788 0.020833 0.050654
0 0.937500 0.331904 0.028186 0.042892
0 0.926317 0.287377 0.022978 0.040441
0 0.923560 0.228962 0.026654 0.046160
0 0.913143 0.169322 0.022978 0.051062
0 0.966912 0.150940 0.029412 0.044526
0 0.967831 0.212214 0.028186 0.050245
0 0.907629 0.086193 0.022978 0.044118
0 0.807445 0.024510 0.027267 0.040033
0 0.868413 0.069036 0.023591 0.031046
0 0.872089 0.026348 0.028493 0.024918
0 0.329963 0.564747 0.034314 0.043709
0 0.342678 0.629902 0.024816 0.035948
0 0.314798 0.638480 0.023591 0.049837
0 0.293199 0.688521 0.022059 0.044526
0 0.323223 0.731413 0.025735 0.051879
0 0.261489 0.645425 0.027880 0.053105
0 0.277267 0.520221 0.026961 0.043709
0 0.290901 0.472835 0.027267 0.037173
0 0.362286 0.243260 0.025429 0.045343
0 0.361979 0.173815 0.028493 0.043709
0 0.409161 0.204861 0.026654 0.027369
0 0.403799 0.154820 0.026348 0.042484
0 0.385417 0.065768 0.030025 0.046569
0 0.398131 0.028799 0.028493 0.040441
0 0.337469 0.103350 0.034620 0.041667
0 0.315257 0.185866 0.032475 0.045752
0 0.299786 0.135621 0.016850 0.041667
0 0.274969 0.111111 0.022365 0.053922
0 0.259498 0.206495 0.023897 0.037173
0 0.249387 0.271242 0.023284 0.041667
0 0.223192 0.209763 0.022978 0.043709
0 0.246017 0.155229 0.023284 0.050654
0 0.202512 0.106618 0.025735 0.044118
0 0.199755 0.164011 0.024510 0.046160
0 0.174632 0.203840 0.026348 0.044118
0 0.188572 0.266340 0.024816 0.049020
0 0.155025 0.247549 0.023897 0.055556
0 0.158854 0.151552 0.026654 0.038399
0 0.199142 0.492239 0.027574 0.048203
0 0.164522 0.465074 0.025735 0.044526
0 0.167126 0.510212 0.023591 0.030229
0 0.180760 0.545343 0.026348 0.030229
0 0.099877 0.211806 0.026348 0.032271
0 0.114124 0.177696 0.032169 0.041667
0 0.138634 0.100490 0.021752 0.040033
0 0.112132 0.102328 0.024510 0.036356
0 0.087469 0.068832 0.022978 0.037990
0 0.064185 0.020833 0.020527 0.035948
0 0.035233 0.619485 0.036765 0.030637
0 0.098499 0.608660 0.025429 0.048203
0 0.134651 0.540645 0.019301 0.045343
0 0.218903 0.426471 0.025429 0.035131
0 0.235447 0.472631 0.022365 0.035131
0 0.237745 0.548815 0.032475 0.044526
0 0.216759 0.603962 0.026042 0.045343
0 0.237132 0.679330 0.025735 0.036765
0 0.252757 0.742443 0.022059 0.046160
0 0.162377 0.700776 0.024510 0.038807
0 0.192708 0.664420 0.029412 0.050245
0 0.199449 0.751021 0.023897 0.039624
0 0.185815 0.839665 0.029718 0.041258
0 0.179381 0.775735 0.026654 0.040850
0 0.146906 0.741217 0.024816 0.037990
0 0.127911 0.792892 0.022365 0.035948
0 0.131127 0.847426 0.026348 0.043709
0 0.138327 0.897672 0.026042 0.045343
0 0.168352 0.941176 0.022365 0.040033
0 0.194547 0.900735 0.023897 0.048203
0 0.197610 0.992239 0.025735 0.026961
0 0.334559 0.953227 0.030025 0.046977
0 0.049632 0.872958 0.016544 0.029412
0 0.089308 0.856413 0.029718 0.053513
0 0.046569 0.786356 0.026348 0.038399
0 0.025582 0.958129 0.022978 0.037173
0 0.013634 0.884600 0.022365 0.052696
0 0.115656 0.939747 0.022978 0.040441
0 0.086857 0.978350 0.024816 0.028595
0 0.046415 0.721201 0.018076 0.037173
0 0.105086 0.728962 0.022672 0.036356
0 0.320006 0.018995 0.032169 0.034722
0 0.250306 0.034926 0.028799 0.052696
0 0.043811 0.245302 0.031863 0.051062
0 0.660539 0.013889 0.025123 0.024510
