0 0.503370 0.450572 0.028186 0.042484
0 0.540748 0.500000 0.028186 0.038399
0 0.523131 0.582516 0.022365 0.040033
0 0.483915 0.608252 0.032169 0.034314
0 0.502604 0.534926 0.017463 0.051879
0 0.467831 0.532271 0.029412 0.054739
0 0.427237 0.544935 0.027267 0.042484
0 0.426471 0.628064 0.034314 0.045343
0 0.382353 0.518587 0.028799 0.042075
0 0.449908 0.422794 0.030331 0.027778
0 0.485600 0.357026 0.030637 0.048203
0 0.498162 0.695466 0.040441 0.039624
0 0.551317 0.735498 0.033395 0.037990
0 0.585938 0.696487 0.027267 0.040033
0 0.571078 0.617647 0.025735 0.053105
0 0.616268 0.589869 0.024203 0.053105
0 0.659161 0.535539 0.033395 0.049837
0 0.683977 0.601511 0.023591 0.055147
0 0.655637 0.677083 0.026961 0.039624
0 0.605852 0.762459 0.025429 0.045343
0 0.608762 0.809641 0.030637 0.041667
0 0.591759 0.848039 0.030331 0.033497
0 0.618413 0.888889 0.027267 0.049837
0 0.664828 0.801266 0.031250 0.060049
0 0.664982 0.922590 0.019914 0.030637
0 0.712776 0.899714 0.029105 0.059232
0 0.742034 0.853962 0.025123 0.039624
0 0.778033 0.849877 0.024203 0.035539
0 0.743260 0.774510 0.025123 0.041667
0 0.714154 0.750204 0.025123 0.043709
0 0.710784 0.677083 0.030025 0.045343
0 0.739583 0.601716 0.022059 0.041667
0 0.755055 0.693423 0.026042 0.037173
0 0.763634 0.736928 0.022978 0.027778
0 0.785692 0.780229 0.027267 0.035131
0 0.801930 0.699346 0.027267 0.049020
0 0.778186 0.615605 0.026348 0.040850
0 0.439798 0.715074 0.033395 0.045343
0 0.390778 0.695466 0.041360 0.049428
0 0.350490 0.588848 0.033701 0.043709
0 0.314491 0.544935 0.029105 0.053922
0 0.327665 0.651348 0.029105 0.037173
0 0.339461 0.713644 0.029412 0.044935
0 0.304228 0.693627 0.016544 0.041667
0 0.269455 0.643995 0.027267 0.037173
0 0.250766 0.590891 0.029718 0.046977
0 0.353554 0.436070 0.025735 0.064134
0 0.396293 0.407271 0.027880 0.050654
0 0.373009 0.363562 0.027267 0.049020
0 0.427696 0.352328 0.026348 0.044526
0 0.454504 0.308619 0.026654 0.048611
0 0.550245 0.386029 0.022059 0.035948
0 0.569087 0.364175 0.021752 0.037173
0 0.608915 0.360294 0.016238 0.048203
0 0.623468 0.432802 0.017157 0.046160
0 0.551471 0.794526 0.033088 0.041667
0 0.542586 0.873366 0.031863 0.028595
0 0.545190 0.941585 0.034620 0.018791
0 0.549632 0.999796 0.026348 0.031454
0 0.482230 0.939134 0.025123 0.041667
0 0.512561 0.849265 0.022059 0.028595
0 0.500000 0.787786 0.025123 0.033088
0 0.451287 0.780229 0.043505 0.035131
0 0.457721 0.861520 0.029412 0.040033
0 0.429841 0.909314 0.032475 0.027778
0 0.402727 0.937296 0.030944 0.037990
0 0.462163 0.981618 0.024203 0.035131
0 0.408701 0.995915 0.030637 0.043301
0 0.362745 0.761642 0.028799 0.037173
0 0.376991 0.849469 0.026042 0.042075
0 0.365043 0.898489 0.029718 0.039624
0 0.319240 0.901757 0.025735 0.038807
0 0.325827 0.975490 0.027880 0.035948
0 0.548866 0.303922 0.028493 0.035131
0 0.305760 0.431985 0.028186 0.050245
0 0.318168 0.355392 0.028493 0.054739
0 0.327665 0.278799 0.023591 0.046160
0 0.352941 0.248979 0.025735 0.036356
0 0.382812 0.272467 0.021752 0.042484
0 0.424020 0.238154 0.028186 0.044935
0 0.382966 0.177492 0.026348 0.033905
0 0.426777 0.165441 0.028799 0.035948
0 0.471967 0.152778 0.024816 0.040850
0 0.512561 0.168709 0.022059 0.033497
0 0.501072 0.246324 0.027267 0.055556
0 0.545496 0.212623 0.022978 0.037990
0 0.575061 0.237745 0.017770 0.035948
0 0.578431 0.175654 0.020833 0.034314
0 0.550245 0.165237 0.018995 0.045343
0 0.528952 0.104167 0.019301 0.035948
0 0.542892 0.069036 0.019608 0.031046
0 0.495404 0.087418 0.025123 0.049020
0 0.461703 0.048815 0.024510 0.051062
0 0.428462 0.118873 0.022978 0.041667
0 0.420650 0.073734 0.021446 0.032271
0 0.390931 0.082108 0.022672 0.035948
0 0.371324 0.036765 0.022059 0.035948
0 0.421262 0.017157 0.030025 0.031046
0 0.335631 0.117647 0.032169 0.052288
0 0.298866 0.220180 0.034620 0.056373
0 0.268995 0.316993 0.027574 0.039216
0 0.274203 0.386438 0.020833 0.042484
0 0.242341 0.454453 0.032475 0.037990
0 0.224112 0.504698 0.025429 0.037990
0 0.195159 0.459150 0.025123 0.030229
0 0.202972 0.390114 0.025429 0.035131
0 0.244638 0.357230 0.026654 0.043709
0 0.237439 0.292892 0.017770 0.044935
0 0.232077 0.225694 0.030331 0.034722
0 0.228401 0.191381 0.036458 0.036356
0 0.289828 0.043913 0.022672 0.029003
0 0.207567 0.257966 0.027267 0.039624
0 0.204504 0.297590 0.016238 0.035539
0 0.190717 0.341912 0.023591 0.042484
0 0.164522 0.303309 0.027574 0.051062
0 0.108915 0.297386 0.034620 0.048203
0 0.087776 0.358864 0.025429 0.038807
0 0.146293 0.384191 0.029718 0.042075
0 0.151348 0.430147 0.028186 0.040850
0 0.145833 0.481618 0.026348 0.034314
0 0.153493 0.525940 0.028799 0.042075
0 0.143076 0.562500 0.017770 0.036765
0 0.113205 0.506127 0.027267 0.035131
0 0.089461 0.456495 0.019608 0.046977
0 0.051777 0.487541 0.026961 0.046160
0 0.088848 0.538807 0.022059 0.040033
0 0.099877 0.603962 0.021446 0.045343
0 0.140319 0.641340 0.025735 0.044118
0 0.183364 0.595792 0.021752 0.044526
0 0.205270 0.573529 0.022672 0.040850
0 0.242647 0.758987 0.028186 0.046569
0 0.243260 0.817402 0.028799 0.046569
0 0.293811 0.830270 0.039216 0.057598
0 0.305607 0.763276 0.031556 0.042075
0 0.264246 0.683619 0.029105 0.029003
0 0.207414 0.678309 0.034314 0.046160
0 0.197763 0.759804 0.026654 0.040850
0 0.205882 0.817402 0.025735 0.046569
0 0.157475 0.776144 0.036152 0.047386
0 0.123468 0.718342 0.030025 0.040441
0 0.102328 0.676879 0.035539 0.040033
0 0.054994 0.621936 0.027267 0.040441
0 0.044884 0.688725 0.033395 0.033497
0 0.070925 0.728962 0.021752 0.036356
0 0.102328 0.757557 0.026961 0.039624
0 0.087776 0.823529 0.022978 0.035948
0 0.042279 0.815155 0.028186 0.042075
0 0.025735 0.746119 0.024510 0.040441
0 0.022059 0.564542 0.020221 0.040850
0 0.009804 0.465891 0.019608 0.052696
0 0.016697 0.409109 0.033395 0.039624
0 0.008578 0.177696 0.017157 0.041667
0 0.021752 0.110498 0.025735 0.044526
0 0.042739 0.041871 0.027267 0.038807
0 0.104473 0.023489 0.026961 0.030637
0 0.129289 0.081699 0.031250 0.046569
0 0.174173 0.020221 0.029105 0.029820
0 0.172488 0.898897 0.025123 0.037173
0 0.227328 0.903186 0.033088 0.047386
0 0.273131 0.917484 0.035233 0.039216
0 0.268076 0.976307 0.028186 0.032680
0 0.228094 0.969363 0.024203 0.033497
0 0.188113 0.942606 0.027574 0.037173
0 0.123928 0.907475 0.027267 0.050245
0 0.136795 0.986928 0.027267 0.027778
0 0.054228 0.953431 0.039828 0.034314
0 0.098805 0.977941 0.026042 0.042484
0 0.611213 0.154003 0.026961 0.042484
0 0.633272 0.122753 0.028186 0.039624
0 0.637255 0.080270 0.025735 0.039624
0 0.584865 0.068015 0.017770 0.030637
0 0.677083 0.030229 0.022672 0.040033
0 0.710172 0.028799 0.028186 0.029820
0 0.706495 0.078431 0.030025 0.040033
0 0.709406 0.121324 0.026654 0.029412
0 0.676317 0.154412 0.027880 0.047386
0 0.639553 0.252655 0.031556 0.051062
0 0.679075 0.290645 0.022365 0.036356
0 0.715993 0.325368 0.021446 0.044526
0 0.667433 0.332721 0.031556 0.040441
0 0.672947 0.390931 0.022978 0.033497
0 0.688725 0.437296 0.027574 0.031454
0 0.700521 0.469363 0.024816 0.030229
0 0.711244 0.526552 0.026654 0.049837
0 0.754902 0.500817 0.028186 0.035948
0 0.786152 0.530025 0.028186 0.031454
0 0.814798 0.577819 0.026042 0.030637
0 0.733609 0.417279 0.044424 0.044526
0 0.687960 0.241422 0.027880 0.050654
0 0.712163 0.198938 0.022978 0.035948
0 0.729626 0.162582 0.027267 0.045752
0 0.759498 0.196895 0.017157 0.034314
0 0.776808 0.157884 0.024816 0.036356
0 0.785539 0.205065 0.020221 0.034314
0 0.756434 0.255310 0.030025 0.054739
0 0.791207 0.341503 0.031556 0.040033
0 0.762408 0.371936 0.021140 0.032271
0 0.797641 0.421364 0.022365 0.037990
0 0.787071 0.464869 0.027574 0.032680
0 0.810355 0.262663 0.018382 0.034314
0 0.841605 0.277165 0.023897 0.040441
0 0.856158 0.340482 0.027267 0.045343
0 0.838848 0.426675 0.018995 0.043709
0 0.879749 0.418505 0.030331 0.042075
0 0.922028 0.411560 0.026042 0.035539
0 0.898131 0.348448 0.018076 0.042484
0 0.870864 0.586601 0.031556 0.039216
0 0.907935 0.564951 0.026654 0.040033
0 0.941636 0.492647 0.022365 0.047386
0 0.978554 0.434232 0.030025 0.047386
0 0.953125 0.590074 0.025735 0.051062
0 0.923100 0.622753 0.022672 0.038807
0 0.872855 0.640931 0.022059 0.035948
0 0.895987 0.703431 0.022978 0.037582
0 0.941789 0.686275 0.020221 0.038399
0 0.979473 0.691585 0.034314 0.048203
0 0.929534 0.731209 0.028799 0.035131
0 0.881587 0.752042 0.030944 0.034314
0 0.879289 0.795956 0.031250 0.046160
0 0.874081 0.843342 0.026348 0.028186
0 0.835172 0.820261 0.025735 0.033497
0 0.860907 0.889706 0.022672 0.044118
0 0.903339 0.898489 0.030944 0.029003
0 0.940411 0.941993 0.030331 0.035948
0 0.984681 0.876225 0.029412 0.049020
0 0.942249 0.811479 0.028493 0.046977
0 0.893076 0.965278 0.030025 0.045752
0 0.956036 0.990809 0.023591 0.025735
0 0.993107 0.948121 0.013174 0.044935
0 0.818781 0.899918 0.027880 0.044118
0 0.820619 0.967525 0.033395 0.035539
0 0.790901 0.978350 0.017463 0.049020
0 0.759191 0.905025 0.032475 0.036356
0 0.732384 0.976920 0.027267 0.038807
0 0.945006 0.176879 0.029105 0.040850
0 0.957414 0.137868 0.022672 0.037990
0 0.979013 0.198734 0.027267 0.036356
0 0.911305 0.102533 0.026042 0.047386
0 0.906250 0.041871 0.028186 0.051879
0 0.957567 0.042484 0.021752 0.042484
