0 0.153799 0.324959 0.153799 0.182598
0 0.456495 0.419935 0.134191 0.177288
0 0.614890 0.118056 0.141544 0.153595
0 0.732230 0.344975 0.111520 0.140114
0 0.665594 0.512459 0.124694 0.142565
0 0.855545 0.473856 0.114277 0.122549
0 0.931066 0.231209 0.100490 0.150327
0 0.229779 0.644404 0.144608 0.121324
0 0.444240 0.749387 0.134191 0.128676
0 0.092371 0.745711 0.115502 0.163807
0 0.236366 0.802492 0.112439 0.127859
0 0.295037 0.933619 0.115196 0.102533
0 0.754136 0.731413 0.166973 0.187500
0 0.814338 0.934232 0.114583 0.101307
0 0.400582 0.070057 0.105086 0.135212
