0 0.227328 0.142565 0.101103 0.111111
0 0.436734 0.159926 0.102635 0.093546
0 0.586703 0.136642 0.085784 0.147467
0 0.829044 0.239788 0.101716 0.172386
0 0.846967 0.639910 0.084252 0.132761
0 0.732077 0.755719 0.091605 0.154412
0 0.617034 0.556168 0.086397 0.127859
0 0.501532 0.446691 0.110294 0.104167
0 0.504902 0.682802 0.125613 0.113971
0 0.325827 0.573529 0.089767 0.122549
0 0.378523 0.777574 0.096507 0.131127
0 0.466605 0.932394 0.136029 0.104167
0 0.134498 0.535131 0.115809 0.145425
0 0.030484 0.779412 0.060968 0.141340
