0 0.190870 0.276144 0.141544 0.157680
0 0.462469 0.261234 0.133272 0.149918
0 0.677849 0.391340 0.119179 0.125000
0 0.518229 0.508170 0.119179 0.143791
0 0.650123 0.723856 0.142770 0.125000
0 0.452206 0.741830 0.120098 0.143791
0 0.281863 0.625613 0.134191 0.088644
0 0.299632 0.810049 0.109681 0.125000
0 0.133732 0.973039 0.113664 0.068627
0 0.529105 0.953636 0.123775 0.109886
0 0.905637 0.962010 0.100490 0.108660
0 0.903339 0.486724 0.078738 0.128676
0 0.886949 0.326389 0.096814 0.129902
0 0.820006 0.163807 0.105086 0.137255
0 0.651501 0.054330 0.105699 0.098856
