0 0.382353 0.568627 0.130515 0.167484
0 0.582108 0.661356 0.100490 0.157680
0 0.707721 0.869485 0.106005 0.166258
0 0.484528 0.883783 0.108150 0.152369
0 0.212010 0.839257 0.131127 0.133578
0 0.174479 0.449959 0.101409 0.137663
0 0.188572 0.168709 0.112439 0.165033
0 0.358762 0.200776 0.081495 0.128676
0 0.371936 0.056781 0.074142 0.111111
0 0.623468 0.171773 0.104167 0.121324
0 0.652420 0.330678 0.102022 0.116422
0 0.798713 0.452002 0.083333 0.131127
0 0.901042 0.561887 0.088848 0.143382
0 0.906710 0.070466 0.085478 0.128676
