0 0.352635 0.557598 0.120098 0.134804
0 0.564185 0.699346 0.122855 0.158497
0 0.719056 0.582516 0.115196 0.110294
0 0.842831 0.319853 0.104167 0.125000
0 0.616422 0.330678 0.125613 0.138480
0 0.312500 0.180556 0.120098 0.111111
0 0.166054 0.340074 0.112745 0.104984
0 0.112592 0.469363 0.124081 0.118464
0 0.106005 0.683007 0.112745 0.108660
0 0.383272 0.781250 0.079657 0.145016
0 0.736366 0.945670 0.127757 0.111111
0 0.333946 0.950572 0.125613 0.113562
0 0.087776 0.902369 0.113664 0.172386
0 0.108303 0.158088 0.115502 0.101307
