0 0.482077 0.331904 0.136949 0.138480
0 0.658548 0.436887 0.101409 0.149101
0 0.838082 0.524306 0.124694 0.136029
0 0.605545 0.760008 0.119179 0.140114
0 0.733609 0.873162 0.103248 0.166258
0 0.939951 0.918301 0.080882 0.146242
0 0.251379 0.854984 0.116115 0.122549
0 0.385417 0.628881 0.091912 0.145016
0 0.207874 0.626225 0.122855 0.165033
0 0.069393 0.598039 0.110600 0.148693
0 0.293199 0.301266 0.130515 0.135212
0 0.448836 0.123162 0.111520 0.128676
0 0.874694 0.161969 0.098652 0.133578
0 0.686275 0.041258 0.104167 0.075163
0 0.057138 0.148080 0.103248 0.161356
0 0.039828 0.939951 0.072304 0.137255
0 0.178768 0.985498 0.092831 0.078840
0 0.304381 0.025531 0.090993 0.051062
