0 0.168352 0.544935 0.149203 0.162582
0 0.509498 0.596405 0.088235 0.127451
0 0.523438 0.354984 0.110600 0.122549
0 0.684436 0.461193 0.104167 0.127451
0 0.727482 0.682394 0.133885 0.147467
0 0.742034 0.868873 0.121936 0.132353
0 0.081189 0.849469 0.107843 0.131127
0 0.037071 0.196691 0.070466 0.123775
0 0.282782 0.185662 0.079657 0.126225
0 0.764093 0.206291 0.113358 0.115196
0 0.886949 0.537582 0.088848 0.112745
0 0.967065 0.335580 0.075061 0.123775
0 0.935202 0.924428 0.136949 0.138889
0 0.978401 0.709355 0.073223 0.128676
0 0.147365 0.037990 0.086397 0.068627
0 0.475031 0.033701 0.090993 0.060049
