0 0.068474 0.199346 0.095895 0.136438
0 0.282322 0.104984 0.133272 0.150327
0 0.512714 0.178717 0.098346 0.162173
0 0.664675 0.094363 0.089154 0.136438
0 0.857384 0.128881 0.106924 0.192402
0 0.446998 0.521855 0.102328 0.140931
0 0.630821 0.566176 0.070466 0.122549
0 0.674020 0.344363 0.096814 0.129085
0 0.850797 0.524306 0.088235 0.116422
0 0.604167 0.763276 0.131127 0.126225
0 0.807292 0.883170 0.075980 0.143791
0 0.244792 0.428717 0.099265 0.112337
0 0.167433 0.582516 0.124694 0.127451
0 0.059130 0.715074 0.093750 0.147467
0 0.021140 0.890523 0.040441 0.108660
0 0.229779 0.939338 0.159314 0.131127
0 0.599418 0.946283 0.125919 0.109886
0 0.981771 0.686070 0.062806 0.145016
