0 0.079810 0.241830 0.082414 0.146242
0 0.198376 0.156250 0.090993 0.137663
0 0.312960 0.063113 0.117341 0.098448
0 0.541207 0.181781 0.082414 0.146242
0 0.355086 0.364379 0.115196 0.133987
0 0.030944 0.418096 0.060049 0.109069
0 0.489737 0.562500 0.112439 0.112745
0 0.371477 0.742443 0.112439 0.135212
0 0.691789 0.847426 0.106005 0.135212
0 0.754749 0.558619 0.117341 0.145016
0 0.912377 0.687500 0.109681 0.144608
0 0.857843 0.963848 0.130515 0.069853
0 0.877604 0.233047 0.113664 0.126225
0 0.463848 0.030637 0.098652 0.053922
