0 0.195619 0.226307 0.141850 0.162582
0 0.182445 0.408088 0.115502 0.141340
0 0.303922 0.493668 0.086397 0.147467
0 0.259498 0.742647 0.134191 0.127451
0 0.053922 0.605596 0.104167 0.123775
0 0.023897 0.449959 0.045956 0.114788
0 0.211091 0.042484 0.144608 0.077614
0 0.438113 0.228758 0.112745 0.150327
0 0.629902 0.279412 0.098652 0.156046
0 0.464767 0.571691 0.104167 0.168709
0 0.546875 0.716299 0.110907 0.100082
0 0.575980 0.828227 0.112745 0.083742
0 0.726103 0.588848 0.127451 0.149918
0 0.861979 0.410131 0.103248 0.169935
0 0.829810 0.037582 0.117341 0.075163
