0 0.518842 0.482026 0.110600 0.188725
0 0.668352 0.428105 0.090993 0.156046
0 0.835325 0.459355 0.087316 0.158905
0 0.929688 0.242443 0.125919 0.142565
0 0.682445 0.119485 0.145527 0.128676
0 0.823989 0.066176 0.092831 0.129902
0 0.240656 0.161765 0.096507 0.138889
0 0.333946 0.275735 0.097426 0.151144
0 0.266391 0.455065 0.117953 0.132353
0 0.135570 0.513072 0.098346 0.136438
0 0.109375 0.209967 0.106005 0.139706
0 0.301011 0.690564 0.078738 0.138480
0 0.288450 0.950776 0.098346 0.121324
0 0.475184 0.858047 0.107843 0.163807
0 0.772059 0.839461 0.127451 0.151144
0 0.451593 0.048203 0.100490 0.096405
0 0.139859 0.029412 0.075061 0.058824
